0
-0.24330488
-0.24308833
-0.24004495
-0.2441291
-0.24038252
-0.23892556
-0.23912649
-0.24500649
-0.24601512
-0.2514415
-0.25144428
-0.25144204
-0.24892797
-0.24716564
-0.24474674
-0.24284522
-0.2407955
-0.24531902
-0.24597861
-0.24938913
-0.24838194
-0.24981037
-0.24928285
-0.24886046
-0.24588226
-0.24645028
-0.24309133
-0.24066456
-0.23874633
-0.24466708
-0.24045436
-0.24341783
-0.23897691
-0.23765561
-0.23720124
-0.24327493
-0.24277675
-0.24841969
-0.24772374
-0.24724801
-0.24693887
-0.25062567
-0.25118023
-0.25141865
-0.2513437
-0.25124526
-0.25117767
-0.25107294
-0.25103217
-0.25103134
-0.25071144
-0.25731087
-0.26111186
-0.26208514
-0.26241493
-0.26344806
-0.2505967
-0.25018662
-0.24956693
-0.24863525
-0.2484419
-0.2483321
-0.24842198
-0.2499697
-0.250704
-0.2504928
-0.25076008
-0.2506001
-0.2491622
-0.24781771
-0.24422817
-0.2414716
-0.24017812
-0.24249937
-0.24300994
-0.24926099
-0.24920246
-0.24874753
-0.24845038
-0.25007468
-0.2501015
-0.2568547
-0.26118356
-0.25999916
-0.25884387
-0.25866342
-0.24499594
-0.24410401
-0.2504934
-0.24963763
-0.24896471
-0.248587
-0.24847595
-0.25142515
-0.2540775
-0.2539317
-0.2539205
-0.25451237
-0.24801473
-0.24736428
-0.25371677
-0.257993
-0.26067603
-0.25840294
-0.25756717
-0.24419592
-0.2428323
-0.24398838
-0.24289514
-0.24370109
-0.24899758
-0.25048128
-0.25033444
-0.25013083
-0.2493927
-0.24957503
-0.24924015
-0.24899687
-0.24875939
-0.24974565
-0.24873045
-0.24802013
-0.24755959
-0.24806094
-0.25100905
-0.24986671
-0.24897443
-0.24834995
-0.24754469
-0.24634738
-0.24849261
-0.2474619
-0.24508806
-0.24192788
-0.23931468
-0.23695005
-0.23384583
-0.23649597
-0.24204957
-0.24343817
-0.24358614
-0.25000677
-0.24950066
-0.2490131
-0.2489359
-0.2503828
-0.25092447
-0.2506907
-0.25089937
-0.25028417
-0.24972866
-0.24958825
-0.24868794
-0.24783851
-0.24813293
-0.24644133
-0.24525107
-0.24708252
-0.24659063
-0.24837694
-0.25017142
-0.2496442
-0.24925101
-0.24907123
-0.24915458
-0.25020352
-0.24960367
-0.24888724
-0.2482646
-0.2478214
-0.25005704
-0.24998665
-0.24990255
-0.25005433
-0.24958803
-0.24923883
-0.24910428
-0.24971852
-0.2484811
-0.24773209
-0.24701221
-0.24640061
-0.24982479
-0.2503003
-0.24975555
-0.25024903
-0.2502473
-0.250077
-0.24889837
-0.24892794
-0.24771582
-0.2467144
-0.24527954
-0.2473398
-0.24721925
-0.24775691
-0.24793199
-0.24932742
-0.24918808
-0.24924198
-0.24930704
-0.24997629
-0.24995357
-0.24960665
-0.24797215
-0.24743715
-0.24635306
-0.2457336
-0.2449751
-0.24910997
-0.24686447
-0.24601357
-0.24460542
-0.24434544
-0.24368614
-0.24889718
-0.24859941
-0.24938057
-0.2509328
-0.2513098
-0.251342
-0.25136006
-0.25129032
-0.25124398
-0.2511966
-0.25114214
-0.25059998
-0.24889584
-0.24727644
-0.2457786
-0.24509795
-0.24658985
-0.24916752
-0.24810687
-0.24783118
-0.24781069
-0.24833924
-0.24761535
-0.25012589
-0.24964543
-0.2494153
-0.24908508
-0.24962148
-0.24917705
-0.2484896
-0.24823217
-0.2480977
-0.24894
-0.24936803
-0.25061727
-0.25044048
-0.24676548
-0.244431
-0.24340895
-0.24343745
-0.2431232
-0.24940966
-0.24893351
-0.24838035
-0.24897021
-0.24914822
-0.2501439
-0.25000966
-0.2499214
-0.2503332
-0.2503667
-0.2501384
-0.25032288
-0.2504841
-0.250239
-0.25002205
-0.24997552
-0.24975698
-0.2504325
-0.2501471
-0.25004852
-0.24863717
-0.24808086
-0.24713875
-0.24674217
-0.24690266
-0.25027654
-0.24856043
-0.2476636
-0.24717554
-0.24675274
-0.2465965
-0.2510867
-0.24863419
-0.24689671
-0.24559991
-0.24475485
-0.24459405
-0.2503031
-0.24986361
-0.24857582
-0.24723536
-0.24603246
-0.24658482
-0.24597088
-0.24965905
-0.25650442
-0.26078367
-0.26150337
-0.26177406
-0.26107866
-0.2477857
-0.24665166
-0.246656
-0.24769686
-0.24933264
-0.24926701
-0.24869882
-0.24732052
-0.24493776
-0.24351935
-0.24239063
-0.24522276
-0.24424207
-0.24565841
-0.24232255
-0.23965156
-0.23795854
-0.24084507
-0.24199463
-0.24548805
-0.24747138
-0.24699521
-0.24814396
-0.24402606
-0.2417828
-0.2386826
-0.23574533
-0.23998319
-0.24436423
-0.24222659
-0.24059297
-0.23864925
-0.23509307
-0.24470259
-0.24720721
-0.24768133
-0.24896291
-0.24822228
-0.23752996
-0.24425207
-0.25140584
-0.25138706
-0.2514193
-0.25137806
-0.25132746
-0.25131455
-0.2474515
-0.24493293
-0.24369426
-0.23992701
-0.23845577
-0.24029239
-0.2348833
-0.23155588
-0.2346695
-0.2327636
-0.23657547
-0.24098192
-0.2421528
-0.24498616
-0.24856658
-0.25003946
-0.2486263
-0.24783264
-0.24719508
-0.24374987
-0.24288681
-0.2516955
-0.25455767
-0.25432584
-0.2564451
-0.2552226
-0.240941
-0.2441826
-0.2457867
-0.2557654
-0.25958273
-0.26039457
-0.2612401
-0.2613812
-0.24720739
-0.24619307
-0.24199517
-0.23935096
-0.24339816
-0.24137585
-0.24088703
-0.24678963
-0.24643396
-0.24577224
-0.2501519
-0.24630468
-0.24075814
-0.23721984
-0.23708026
-0.23422834
-0.23868796
-0.2422022
-0.24051152
-0.23944224
-0.24532786
-0.24270193
-0.24172066
-0.2373938
-0.23521946
-0.23536514
-0.24111824
-0.24684638
-0.24907212
-0.2498496
-0.24621983
-0.24474412
-0.24334146
-0.2427334
-0.24014865
-0.2449051
-0.24337338
-0.242489
-0.24157213
-0.24758063
-0.24673331
-0.24757087
-0.24617542
-0.24352218
-0.24369752
-0.24137983
-0.24082556
-0.24563895
-0.24276157
-0.2377558
-0.2361636
-0.23139757
-0.23042373
-0.23288085
-0.23674804
-0.24062051
-0.24456213
-0.2509287
-0.25132248
-0.2512952
-0.2512532
-0.25124186
-0.25138032
-0.24992676
-0.24828093
-0.24709547
-0.24255358
-0.23702297
-0.23388477
-0.22923061
-0.22462387
-0.22711416
-0.24104111
-0.25141186
-0.25827134
-0.26315698
-0.26226825
-0.24837954
-0.24735788
-0.24668072
-0.24538217
-0.2485392
-0.24895458
-0.24839108
-0.24558342
-0.24630089
-0.24199693
-0.23902139
-0.23836944
-0.24383645
-0.24400868
-0.25111973
-0.25124907
-0.2512729
-0.25143263
-0.25137812
-0.25132686
-0.2509149
-0.25063008
-0.25056082
-0.24966057
-0.24889928
-0.24940017
-0.24904542
-0.24850143
-0.2500322
-0.24982135
-0.24948034
-0.24936666
-0.25035012
-0.2512511
-0.25101715
-0.25006127
-0.2494225
-0.2474337
-0.24377508
-0.24131417
-0.24107264
-0.23761399
-0.23984182
-0.24279667
-0.2424872
-0.2403724
-0.24288358
-0.23777181
-0.23801823
-0.23733114
-0.24089545
-0.24320792
-0.24875115
-0.24854748
-0.2478814
-0.24752375
-0.24727838
-0.24750592
-0.24184231
-0.23845057
-0.23733339
-0.23835595
-0.24513216
-0.2513101
-0.2512911
-0.2580699
-0.26140195
-0.26089475
-0.26036626
-0.25980723
-0.24769571
-0.24534222
-0.24375041
-0.24251913
-0.24055518
-0.23999116
-0.24520163
-0.24776481
-0.25421852
-0.2578045
-0.25874686
-0.2620359
-0.263611
-0.25098902
-0.2509666
-0.25098228
-0.2508775
-0.24780941
-0.2456255
-0.24460328
-0.24387929
-0.2436252
-0.24960352
-0.24837707
-0.24712144
-0.24659656
-0.2460617
-0.24888094
-0.2502607
-0.25111365
-0.2508421
-0.2507543
-0.250698
-0.25041932
-0.24915625
-0.2485329
-0.24757396
-0.24688964
-0.24710111
-0.24993955
-0.2504149
-0.2509389
-0.25092742
-0.25115266
-0.25100654
-0.25075
-0.25050718
-0.25029767
-0.25023508
-0.24943115
-0.2476669
-0.2453975
-0.24382086
-0.24180563
-0.24231969
-0.24264427
-0.24355817
-0.24263567
-0.24501973
-0.25088528
-0.25082725
-0.25071704
-0.25050142
-0.2500273
-0.24603008
-0.24413262
-0.2424893
-0.2426989
