0
"[[[-0.24536868]
  [-0.25975985]
  [ 0.79297773]
  [-0.25643552]
  [-0.23175696]]

 [[-0.25975985]
  [ 0.79297773]
  [-0.25643552]
  [-0.23175696]
  [-0.22924558]]

 [[ 0.79297773]
  [-0.25643552]
  [-0.23175696]
  [-0.22924558]
  [ 0.7159898 ]]

 ...

 [[-0.25965753]
  [-0.22736855]
  [-0.22812011]
  [ 0.63981296]
  [-0.24861301]]

 [[-0.22736855]
  [-0.22812011]
  [ 0.63981296]
  [-0.24861301]
  [-0.2237875 ]]

 [[-0.22812011]
  [ 0.63981296]
  [-0.24861301]
  [-0.2237875 ]
  [-0.25555746]]]"
"[[-0.23938575]
 [-0.23909897]
 [-0.2351282 ]
 [-0.24009475]
 [-0.23576143]
 [-0.23464388]
 [-0.23523831]
 [-0.24277395]
 [-0.24375072]
 [-0.2480869 ]
 [-0.2480909 ]
 [-0.24808788]
 [-0.24523818]
 [-0.2433168 ]
 [-0.24000439]
 [-0.23887509]
 [-0.23776862]
 [-0.24347681]
 [-0.24418816]
 [-0.24595666]
 [-0.24484399]
 [-0.24622372]
 [-0.24572384]
 [-0.2454082 ]
 [-0.24211946]
 [-0.24256024]
 [-0.23882145]
 [-0.23649514]
 [-0.23481148]
 [-0.241005  ]
 [-0.23637518]
 [-0.23935974]
 [-0.2343143 ]
 [-0.23291042]
 [-0.23250377]
 [-0.23986554]
 [-0.23900747]
 [-0.24473906]
 [-0.24408832]
 [-0.24372011]
 [-0.2435669 ]
 [-0.24725655]
 [-0.24782103]
 [-0.24806175]
 [-0.24798241]
 [-0.2478751 ]
 [-0.24780619]
 [-0.24769446]
 [-0.24765536]
 [-0.24765149]
 [-0.24727479]
 [-0.24814013]
 [-0.25208288]
 [-0.25457227]
 [-0.25608537]
 [-0.25797635]
 [-0.24718714]
 [-0.24675119]
 [-0.2460067 ]
 [-0.24502194]
 [-0.24484879]
 [-0.24481902]
 [-0.24500981]
 [-0.24657694]
 [-0.24730241]
 [-0.247103  ]
 [-0.24736068]
 [-0.24718538]
 [-0.24551332]
 [-0.2440263 ]
 [-0.23993811]
 [-0.23715872]
 [-0.23621303]
 [-0.23878303]
 [-0.23931032]
 [-0.24568725]
 [-0.24564365]
 [-0.24526364]
 [-0.24503809]
 [-0.24662882]
 [-0.24666217]
 [-0.24775288]
 [-0.25231606]
 [-0.251855  ]
 [-0.25160977]
 [-0.25179842]
 [-0.241337  ]
 [-0.24057356]
 [-0.24700752]
 [-0.24603206]
 [-0.24540263]
 [-0.24507782]
 [-0.24479586]
 [-0.24412084]
 [-0.24744588]
 [-0.24864367]
 [-0.24962127]
 [-0.25048602]
 [-0.24212223]
 [-0.2420936 ]
 [-0.24644262]
 [-0.25174418]
 [-0.25760406]
 [-0.25367618]
 [-0.25410593]
 [-0.24183014]
 [-0.2403081 ]
 [-0.24007326]
 [-0.23921809]
 [-0.24025187]
 [-0.24558964]
 [-0.24703729]
 [-0.24688983]
 [-0.2467187 ]
 [-0.24584338]
 [-0.24598661]
 [-0.24567816]
 [-0.24555269]
 [-0.24538371]
 [-0.24610156]
 [-0.24504933]
 [-0.24441147]
 [-0.24408817]
 [-0.24472263]
 [-0.24762923]
 [-0.2462481 ]
 [-0.24533588]
 [-0.24475712]
 [-0.24394175]
 [-0.24275261]
 [-0.24481219]
 [-0.24381831]
 [-0.2412118 ]
 [-0.23708138]
 [-0.234054  ]
 [-0.23165023]
 [-0.22816199]
 [-0.23106542]
 [-0.23806286]
 [-0.23967803]
 [-0.23972708]
 [-0.24646756]
 [-0.24596062]
 [-0.24552578]
 [-0.24553192]
 [-0.24699846]
 [-0.24753806]
 [-0.24730486]
 [-0.24750844]
 [-0.2467728 ]
 [-0.2461985 ]
 [-0.2460722 ]
 [-0.24505037]
 [-0.24423543]
 [-0.24440584]
 [-0.24262014]
 [-0.24150768]
 [-0.24343559]
 [-0.2431218 ]
 [-0.24502054]
 [-0.2466318 ]
 [-0.24607643]
 [-0.24569717]
 [-0.24561808]
 [-0.24579328]
 [-0.2466385 ]
 [-0.24601462]
 [-0.24529734]
 [-0.24475536]
 [-0.24439463]
 [-0.24661246]
 [-0.24659595]
 [-0.2463885 ]
 [-0.24650806]
 [-0.24604484]
 [-0.24579057]
 [-0.24574158]
 [-0.24608198]
 [-0.24479559]
 [-0.24409986]
 [-0.2434505 ]
 [-0.24298486]
 [-0.24638942]
 [-0.24688539]
 [-0.24630904]
 [-0.24678385]
 [-0.24676946]
 [-0.24666381]
 [-0.24530077]
 [-0.24527535]
 [-0.24403113]
 [-0.24307197]
 [-0.24162707]
 [-0.24368161]
 [-0.24363092]
 [-0.2442711 ]
 [-0.24444833]
 [-0.2457976 ]
 [-0.24568549]
 [-0.2458016 ]
 [-0.24587259]
 [-0.24650693]
 [-0.24647695]
 [-0.2461715 ]
 [-0.24427196]
 [-0.24367568]
 [-0.24266064]
 [-0.24214062]
 [-0.24147141]
 [-0.24558687]
 [-0.24301744]
 [-0.24211848]
 [-0.24085647]
 [-0.24065185]
 [-0.2401222 ]
 [-0.24534872]
 [-0.24515328]
 [-0.24600321]
 [-0.24756634]
 [-0.24794915]
 [-0.24798357]
 [-0.24799895]
 [-0.24792677]
 [-0.24787468]
 [-0.24782589]
 [-0.24777347]
 [-0.24709675]
 [-0.24456388]
 [-0.24366277]
 [-0.24322969]
 [-0.24313521]
 [-0.24488512]
 [-0.2456519 ]
 [-0.24440974]
 [-0.24419105]
 [-0.24423179]
 [-0.24487108]
 [-0.24419168]
 [-0.24663246]
 [-0.24614015]
 [-0.2459527 ]
 [-0.24565467]
 [-0.24611807]
 [-0.24564815]
 [-0.24485573]
 [-0.24462476]
 [-0.2445583 ]
 [-0.2455002 ]
 [-0.24599427]
 [-0.24718556]
 [-0.24698904]
 [-0.242648  ]
 [-0.24003604]
 [-0.2388781 ]
 [-0.23885456]
 [-0.23865533]
 [-0.2458337 ]
 [-0.24538109]
 [-0.24487454]
 [-0.2455149 ]
 [-0.24571839]
 [-0.24670425]
 [-0.24658081]
 [-0.24651203]
 [-0.24690655]
 [-0.24693623]
 [-0.24672705]
 [-0.24693492]
 [-0.24704033]
 [-0.24678099]
 [-0.24655792]
 [-0.24655718]
 [-0.24634367]
 [-0.24700955]
 [-0.24671382]
 [-0.24661437]
 [-0.24496016]
 [-0.24436906]
 [-0.24349216]
 [-0.2432127 ]
 [-0.24351972]
 [-0.24684992]
 [-0.24487132]
 [-0.24393427]
 [-0.24353844]
 [-0.2432327 ]
 [-0.24324787]
 [-0.24770889]
 [-0.24491125]
 [-0.24301729]
 [-0.24177107]
 [-0.24112266]
 [-0.2411632 ]
 [-0.24682829]
 [-0.24638286]
 [-0.24480042]
 [-0.2434879 ]
 [-0.24238819]
 [-0.24303484]
 [-0.24250928]
 [-0.24614906]
 [-0.24729884]
 [-0.2517944 ]
 [-0.25402296]
 [-0.25564295]
 [-0.2555984 ]
 [-0.24405915]
 [-0.2429862 ]
 [-0.2431089 ]
 [-0.2442253 ]
 [-0.24587545]
 [-0.24584058]
 [-0.24500594]
 [-0.24352372]
 [-0.24091426]
 [-0.23960602]
 [-0.2387295 ]
 [-0.24165493]
 [-0.24046874]
 [-0.24162298]
 [-0.23809567]
 [-0.23541003]
 [-0.23403263]
 [-0.23689851]
 [-0.23826486]
 [-0.24189746]
 [-0.24396515]
 [-0.24361488]
 [-0.24439159]
 [-0.23965693]
 [-0.23742986]
 [-0.23446298]
 [-0.23154601]
 [-0.23607832]
 [-0.24050036]
 [-0.2383922 ]
 [-0.23626423]
 [-0.23353979]
 [-0.23013097]
 [-0.23476294]
 [-0.23685461]
 [-0.23698011]
 [-0.24009225]
 [-0.23996887]
 [-0.23193055]
 [-0.23995933]
 [-0.24804983]
 [-0.24803   ]
 [-0.24806336]
 [-0.24801803]
 [-0.24796692]
 [-0.24795175]
 [-0.24375972]
 [-0.24128011]
 [-0.240275  ]
 [-0.23591831]
 [-0.23417851]
 [-0.23544508]
 [-0.22828922]
 [-0.22403556]
 [-0.22819811]
 [-0.22541198]
 [-0.23124179]
 [-0.23797846]
 [-0.23988411]
 [-0.24312845]
 [-0.24518278]
 [-0.2465089 ]
 [-0.24489099]
 [-0.2440891 ]
 [-0.24356663]
 [-0.23956877]
 [-0.23853803]
 [-0.24195826]
 [-0.24382463]
 [-0.24418601]
 [-0.24908501]
 [-0.2485896 ]
 [-0.23723632]
 [-0.24066415]
 [-0.24217266]
 [-0.24621952]
 [-0.2500673 ]
 [-0.25223166]
 [-0.2543681 ]
 [-0.25532377]
 [-0.24339491]
 [-0.24246478]
 [-0.23794574]
 [-0.2352972 ]
 [-0.2395685 ]
 [-0.2371026 ]
 [-0.23635703]
 [-0.24313891]
 [-0.24290973]
 [-0.2423042 ]
 [-0.2466375 ]
 [-0.24208611]
 [-0.23516381]
 [-0.23109329]
 [-0.23100471]
 [-0.22748983]
 [-0.23330045]
 [-0.23735934]
 [-0.23606884]
 [-0.23572177]
 [-0.24327183]
 [-0.24001622]
 [-0.23720953]
 [-0.23292291]
 [-0.23088858]
 [-0.23092195]
 [-0.23801172]
 [-0.24338391]
 [-0.24561694]
 [-0.24640644]
 [-0.2421864 ]
 [-0.2403673 ]
 [-0.23879695]
 [-0.23810032]
 [-0.23510858]
 [-0.24081787]
 [-0.23920882]
 [-0.23810011]
 [-0.23724115]
 [-0.24385339]
 [-0.24314108]
 [-0.24402806]
 [-0.24223569]
 [-0.23942444]
 [-0.23968917]
 [-0.23727882]
 [-0.2367084 ]
 [-0.24173963]
 [-0.2385225 ]
 [-0.23275453]
 [-0.2311424 ]
 [-0.22646308]
 [-0.22535428]
 [-0.22825629]
 [-0.23278093]
 [-0.23697045]
 [-0.2411246 ]
 [-0.24756604]
 [-0.24796095]
 [-0.24792865]
 [-0.24788746]
 [-0.24787974]
 [-0.24802426]
 [-0.24629939]
 [-0.2445266 ]
 [-0.24337253]
 [-0.23844898]
 [-0.23223385]
 [-0.22883081]
 [-0.22397485]
 [-0.21891624]
 [-0.22363144]
 [-0.23335055]
 [-0.2443144 ]
 [-0.2504749 ]
 [-0.2570774 ]
 [-0.25654477]
 [-0.2446715 ]
 [-0.24369347]
 [-0.24312025]
 [-0.24179405]
 [-0.24493915]
 [-0.24538258]
 [-0.24488479]
 [-0.24177378]
 [-0.24233854]
 [-0.23730624]
 [-0.23408687]
 [-0.23352745]
 [-0.23929375]
 [-0.23964962]
 [-0.247745  ]
 [-0.24788615]
 [-0.24791431]
 [-0.24807593]
 [-0.24801937]
 [-0.24796247]
 [-0.247495  ]
 [-0.24719271]
 [-0.24711806]
 [-0.24610075]
 [-0.24533892]
 [-0.24584329]
 [-0.24558586]
 [-0.24508247]
 [-0.2465294 ]
 [-0.24629495]
 [-0.24600461]
 [-0.24597746]
 [-0.24698904]
 [-0.24788561]
 [-0.24762216]
 [-0.24651009]
 [-0.24583456]
 [-0.24357015]
 [-0.23959094]
 [-0.23714775]
 [-0.23710307]
 [-0.23350269]
 [-0.23589763]
 [-0.2387617 ]
 [-0.2386173 ]
 [-0.23594305]
 [-0.23922673]
 [-0.23377523]
 [-0.23436055]
 [-0.23331428]
 [-0.23623952]
 [-0.2388838 ]
 [-0.24510577]
 [-0.24486843]
 [-0.24427173]
 [-0.24403498]
 [-0.24395257]
 [-0.24382067]
 [-0.23764807]
 [-0.23472565]
 [-0.23404756]
 [-0.23518917]
 [-0.24239919]
 [-0.24794704]
 [-0.24793035]
 [-0.24904561]
 [-0.25245076]
 [-0.2533335 ]
 [-0.25392494]
 [-0.25319964]
 [-0.2434816 ]
 [-0.24138138]
 [-0.24004674]
 [-0.23828635]
 [-0.23658773]
 [-0.23618937]
 [-0.24155733]
 [-0.24395755]
 [-0.24456397]
 [-0.24812189]
 [-0.25037172]
 [-0.2554987 ]
 [-0.25810844]
 [-0.24761266]
 [-0.24758029]
 [-0.24760032]
 [-0.24748445]
 [-0.24398628]
 [-0.24163678]
 [-0.24061254]
 [-0.23987237]
 [-0.23966587]
 [-0.24597538]
 [-0.24464571]
 [-0.2433789 ]
 [-0.24296504]
 [-0.24260473]
 [-0.24548024]
 [-0.24689111]
 [-0.24773845]
 [-0.24744621]
 [-0.2473535 ]
 [-0.24728861]
 [-0.24699798]
 [-0.24552861]
 [-0.244845  ]
 [-0.24391681]
 [-0.24335128]
 [-0.24369368]
 [-0.24653563]
 [-0.24702826]
 [-0.24755418]
 [-0.24755245]
 [-0.24778384]
 [-0.24761352]
 [-0.2473355 ]
 [-0.24708074]
 [-0.2468751 ]
 [-0.24685085]
 [-0.24578792]
 [-0.24380073]
 [-0.24139121]
 [-0.23992577]
 [-0.23798636]
 [-0.23822242]
 [-0.2385909 ]
 [-0.23973647]
 [-0.23905832]
 [-0.24163377]
 [-0.24750674]
 [-0.24741861]
 [-0.24729839]
 [-0.24705887]
 [-0.24659377]
 [-0.24200565]
 [-0.23994434]
 [-0.23833299]
 [-0.23841873]]"
